Beta0_PT = 3.356365515454377
Beta0_car = 3.0445118683507233
Beta0_cycling = 0.06438488890335577
BetaAC_PT = -0.5667310301056252
BetaAT_PT = -0.09698060624429279
BetaAge = -7.38063230449688e-14
BetaBikeability_cycling = 0.005355559354577204
BetaCarOwnership = 9.515455772297075e-17
BetaCongestion_car = -0.1294034485668515
BetaFare_PT = -1.1379151347779286
BetaFuel_car = -0.5530273986462904
BetaGender = 3.746772306546833e-16
BetaIncome = 7.864451090249607e-14
BetaParking_car = -0.24298369355089772
BetaTT_PT = -0.06910084119199293
BetaTT_car = -0.10629114002157337
BetaTT_cycling = -0.07218609763661954
BetaTT_walking = -0.07010714555586862
BetaWT_PT = -0.04509253451393314
BetaWalkability_walking = 0.008081595951468385
