Beta0_PT = 3.374033081370594
Beta0_car = 3.044841699759729
Beta0_cycling = 0.06529352745212286
BetaAC_PT = -0.5680314043027985
BetaAT_PT = -0.19447406364496864
BetaAge = 1.8598427829113648e-13
BetaBikeability_cycling = 0.005355264611742775
BetaCarOwnership = -5.14598047007469e-19
BetaCongestion_car = -0.12941759647876752
BetaFare_PT = -1.139838357499879
BetaFuel_car = -0.5526325526916149
BetaGender = 1.8417520968637508e-16
BetaIncome = -1.6177296771477025e-14
BetaParking_car = -0.24299722938273635
BetaTT_PT = -0.06926019957011725
BetaTT_car = -0.1062898417121657
BetaTT_cycling = -0.07218585465427556
BetaTT_walking = -0.07009152800214508
BetaWT_PT = -0.04538334632714225
BetaWalkability_walking = 0.008087836453351087
