Beta0_PT = 0.463601457474058
Beta0_car = 2.5159803235699916
Beta0_cycling = 0.0688774252047067
BetaAge = 7.466399104224845e-14
BetaCarOwnership = 2.7332796353117652e-17
BetaGender = -4.750387330524943e-16
BetaIncome = -3.912357032700388e-14
BetaTC_PT = -0.10810793343003132
BetaTC_car = -0.19557483408966542
BetaTC_cycling = 0.005365576529222533
BetaTC_walking = 0.007937742013189576
BetaTT_PT = -0.05876384901227371
BetaTT_car = -0.10441184153678278
BetaTT_cycling = -0.07159324893365603
BetaTT_walking = -0.06923922982392902
