Beta0_PT = -2.9849114742519327
Beta0_car = -0.985907686507936
Beta0_cycling = -0.1413638478480267
BetaAge = -7.21642074694041e-15
BetaCarOwnership = 9.274919262115369e-18
BetaGender = 1.5055641659874294e-17
BetaIncome = -9.345428127629352e-15
BetaTC = 0.004777857098641292
BetaTT = -0.07317127294393495
