Beta0_PT = 3.3663971681211406
Beta0_car = 3.057305410753212
Beta0_cycling = 0.06936733843602799
BetaAC_PT = -0.5670326844479595
BetaAT_PT = -0.19421333558701934
BetaAge = 2.369965322770435e-13
BetaBikeability_cycling = 0.005339313424166791
BetaCongestion_car = -0.1293573782802013
BetaFare_PT = -1.1387187933070297
BetaFuel_car = -0.5525108574776567
BetaGender = 1.8409082966140372e-16
BetaOwnership_car = -0.02252429831595907
BetaParking_car = -0.24302805397348562
BetaTT_PT = -0.06917700185273312
BetaTT_car = -0.10629117286211187
BetaTT_cycling = -0.0722269346023643
BetaTT_walking = -0.07005786989027593
BetaWT_PT = -0.045230546365125225
BetaWalkability_walking = 0.008097158612318233
