Beta0_PT = 3.3139803876361036
Beta0_car = 3.0535606194957774
Beta0_cycling = 0.06945406872660727
BetaAC_PT = -0.563207145638389
BetaAT_PT = -0.1926325585795698
BetaAge = 1.6040924044642964e-13
BetaBikeability_cycling = 0.0053279478343443865
BetaCongestion_car = -0.12921968030197892
BetaFare_PT = -1.1327182944029022
BetaFuel_car = -0.5520357098559142
BetaGender = 6.445707410816355e-17
BetaOwnership_car = -0.023669940997688713
BetaParking_car = -0.24292663428582575
BetaTT_PT = -0.06869464755551198
BetaTT_car = -0.1062619387544113
BetaTT_cycling = -0.07224969916732316
BetaTT_walking = -0.0700796554877003
BetaWT_PT = -0.04436717013051236
BetaWalkability_walking = 0.008086665764901937
