Beta0_PT = 3.3629533408604786
Beta0_car = 3.0573693253302214
Beta0_cycling = 0.06767149743006444
BetaAC_PT = -0.5667811555846477
BetaAT_PT = -0.1941352984462008
BetaAge = -7.992880617626954e-14
BetaBikeability_cycling = 0.0053456414917284955
BetaCongestion_car = -0.12939315358259595
BetaFare_PT = -1.1384477364019965
BetaFuel_car = -0.5526368820778959
BetaGender = 3.3507829679145406e-17
BetaOwnership_car = -0.02264210936239763
BetaParking_car = -0.24306383536015772
BetaTT_PT = -0.069152470892918
BetaTT_car = -0.1062994138934777
BetaTT_cycling = -0.07221132954907959
BetaTT_walking = -0.07007143715347197
BetaWT_PT = -0.0451867478470513
BetaWalkability_walking = 0.008091397311112665
