Beta0_PT = 1.85476235562252
Beta0_car = 3.0436418120977318
Beta0_cycling = 0.07251213371784115
BetaAT_PT = -0.09442224369133563
BetaAge = 1.030701485809699e-13
BetaBikeability_cycling = 0.005305577860399906
BetaCarOwnership = -6.507005311650047e-20
BetaCongestion_car = -0.1288765913701592
BetaFare_PT = -1.0486586203311017
BetaFuel_car = -0.5499305272895668
BetaGender = 1.0857586643186204e-16
BetaIncome = 1.9787712807803426e-14
BetaParking_car = -0.24323461055633955
BetaTT_PT = -0.06434784944761317
BetaTT_car = -0.10621008215326574
BetaTT_cycling = -0.07205426038602256
BetaTT_walking = -0.06983462091974116
BetaWT_PT = -0.03996472223547387
BetaWalkability_walking = 0.00806797398298315
