Beta0_PT = 3.3717647829703457
Beta0_car = 3.0440137199303257
Beta0_cycling = 0.06807170121792051
BetaAC_PT = -0.5677898112028248
BetaAT_PT = -0.19437953571506408
BetaAge = -4.885375358958592e-14
BetaBikeability_cycling = 0.005343045276108913
BetaCarOwnership = -5.00312229864988e-19
BetaCongestion_car = -0.12933299895156336
BetaFare_PT = -1.1393286135590588
BetaFuel_car = -0.5523179529663016
BetaGender = 3.276329804428692e-17
BetaIncome = -1.0187605601947548e-14
BetaParking_car = -0.24291665284826938
BetaTT_PT = -0.06922983675971503
BetaTT_car = -0.10626927921342093
BetaTT_cycling = -0.07221372157323025
BetaTT_walking = -0.07007159985981519
BetaWT_PT = -0.04532954631064687
BetaWalkability_walking = 0.008095391494036876
