Beta0_PT = 1.837482497231159
Beta0_car = 3.052316299914739
Beta0_cycling = 0.07335184811341061
BetaAT_PT = -0.09411753256283732
BetaAge = 9.464806256548241e-14
BetaBikeability_cycling = 0.005299104322430523
BetaCongestion_car = -0.12880737878336906
BetaFare_PT = -1.0462113936532373
BetaFuel_car = -0.5492122840572818
BetaGender = 1.0933374138660373e-16
BetaOwnership_car = -0.021593820291256626
BetaParking_car = -0.24324492969935943
BetaTT_PT = -0.06417576107629419
BetaTT_car = -0.10620371907197232
BetaTT_cycling = -0.07207209569488522
BetaTT_walking = -0.069833574064989
BetaWT_PT = -0.039640529657757814
BetaWalkability_walking = 0.00806397799350218
